YourDiscordid			    = "527737154877652993"
webhookdc 				    = " "

-- ==================== BOT SETTING ======================================
-- example, your current bot using growid 'Zitus', then you fill password of growid 'zitus'
passwordBot                 = "" -- MANDATORY / WAJIB
use_proxy_socks5            = false
proxy                       = "ip:port:username:pass"

--=========================================================================--

seedid 				= 3     --write seed id , like if lgrid seed write 5667 and if item block write fg if item background write bg
worlds 				= {" "} -- Example usage : {"world1", "world2", "world3"}
world_id 			= " " -- world farm door id
worldwhile 			= false -- true = loop back to 1st world
world_seed, id_world_seed 	= " ", " " -- seed world, seed world doorid

delay_plant 			= 150
delay_joinworld             	= 15000

--=======================================================================================

key=[[Zitus]];gkviibeerbtueeuhelxbyctuaynhwpcutqirklwbmgkhtbsumgegccgskhledqqmosrmuodmdszeylpuuusllndfugocgnrhkobycxifwwnhyaemujjxvyebgqlslbbl='om jangan decrypt aku :((';fwxcwarhocywexnmcuqjjszwwaomkgxlxgivjkoxahhzzeduunkthrgmimpyxsoutsjafnsplavergoydtbldirjfhoupyppodcrptffxjypfyvalqcbktkcqadljcfg='Obfuscator Ini Milik Zitus';mrnydadyvaidsyktdrbhpulicvxbbzloddhewijbtntkoyxtnqkctjrivauayvpahaxealcqsfznxvxivagxtwxsbyzfrushxmsdxvynkyksgcbxnuuvtqaymzxmnzny='Kamu Nyari Load?';rfbizyncvcmqwabimlsfndcuqpcrsokpuhtuocuwxpyxtyoielfbqsvngxztdfjtpsjrstzvdgpahjcohetozozlfbbboquauptojuhrbwojklclnsmvvtontatuyhum='Saya Tak Ragu Ingin Nembak Gay People';xfnucwqkqbnxwgbbzsdvfbyzwhepsaierrjpiqgnivdplpdsjzgovztygwwifmuuqdbzjtopagwayznesdndvemrgzuxwufanoykhsadonobjhjsrjgzateuvirepxct="Soeharto is first indonesian president. Jokowi is seventh indonesian's president, Itadori Yuuji is one of main character in Jujutsu Kaisen Anime, Kento Nanami is Side Character On Jujutsu Kaisen Anime. Lava is 1 of the most dangerous liquid in the world (cap)";cbrbywiesfzxzmdlqvmvfjgomxldfbcdihyfdrnvjxfdmwonitlufjyfkadzkjsicodguzgqbxlhhdpgdcwqzbbhqlphvxurdrzhzahgfhxsnjuiniunbhqvjjyuiyov={ 1,80,3,107,156,197,177,164,80,105,227,93,90,106,90,84,88,88,200,166,80,80,80,80,80,80,80,80,80,80,80,120,199,144,81,287,144,147,138,172,165,195,181,194,195,172,145,180,189,185,190,185,195,196,194,177,196,191,194,172,148,191,199,190,188,191,177,180,195,172,180,179,178,191,196,195,179,125,198,129,172,195,179,194,185,192,196,172,192,188,177,190,196,172,191,178,182,197,195,179,177,196,181,180,172,192,188,177,190,196,126,188,197,177,213,82,283,80,80,101,81,285,95,208,80,81,91,80,80,82,219,80,80,83,148,80,82,85,155,208,83,80,219,82,80,83,91,83,80,84,94,83,86,85,219,83,80,83,220,83,87,84,148,83,82,82,224,82,84,86,156,80,80,81,157,208,84,80,134,80,80,80,91,80,80,84,94,80,80,85,219,80,80,86,148,80,82,82,95,80,86,80,91,80,80,84,94,80,80,85,219,80,80,87,148,80,82,82,95,80,87,80,91,80,80,84,94,80,80,85,219,80,80,88,148,80,82,82,95,80,88,80,95,208,89,90,95,208,91,92,95,208,93,90,95,208,94,95,95,208,96,97,95,208,98,99,159,80,80,80,95,80,100,80,159,208,80,80,95,80,101,80,159,80,81,80,95,80,102,80,159,208,81,80,95,80,103,80,159,80,82,80,95,80,104,80,159,208,82,80,95,80,105,80,159,80,83,80,95,80,106,80,159,208,83,80,95,80,107,80,91,80,80,108,219,80,80,109,276,80,81,80,148,80,80,85,155,80,103,80,91,83,80,110,94,83,86,111,222,83,85,112,148,83,82,82,219,83,80,110,222,83,87,111,91,84,80,80,276,83,82,82,137,83,87,80,264,97,80,208,95,208,113,114,91,83,80,115,211,83,98,80,91,84,80,80,211,212,98,80,91,85,80,80,261,83,84,80,148,83,82,81,91,83,80,118,209,211,287,215,148,83,82,81,91,83,80,119,219,83,80,120,91,84,80,121,219,84,80,122,91,85,80,123,211,85,102,80,83,214,102,80,219,86,80,126,276,86,81,82,222,86,93,112,83,215,103,80,219,87,80,126,276,87,81,82,222,87,95,128,83,216,104,80,219,88,80,126,276,88,81,82,222,88,97,130,83,217,105,80,219,89,80,132,81,218,135,208,276,89,82,82,261,85,89,80,148,83,86,81,264,80,80,208,156,80,80,82,157,80,104,80,134,80,80,80,91,80,80,113,140,80,133,80,264,82,80,208,91,80,80,115,211,80,107,80,148,80,82,81,91,80,80,118,209,208,287,215,148,80,82,81,91,80,80,113,140,80,114,80,136,102,80,208,91,80,80,135,140,80,133,80,264,100,80,208,91,80,80,107,219,80,80,136,260,80,81,80,148,80,82,81,91,80,80,118,209,208,311,211,148,80,82,81,91,80,80,119,219,80,80,120,91,81,80,121,219,81,80,122,91,82,80,123,211,210,108,80,83,211,102,80,219,83,80,126,276,83,81,82,222,83,87,112,83,212,103,80,219,84,80,126,276,84,81,82,222,84,89,128,83,213,104,80,219,85,80,126,276,85,81,82,222,85,91,130,83,214,105,80,219,86,80,132,81,215,135,208,276,86,82,82,261,82,89,80,148,80,86,81,91,80,80,118,209,208,275,217,148,80,82,81,91,80,80,138,219,80,80,126,276,80,81,82,222,80,81,112,148,80,82,81,91,80,80,118,209,208,215,227,148,80,82,81,91,80,80,113,140,80,114,80,264,98,80,208,91,80,80,135,140,80,114,80,136,97,80,208,91,80,80,107,219,80,80,136,260,80,81,80,148,80,82,81,91,80,80,118,209,208,311,211,148,80,82,81,91,80,80,119,219,80,80,120,91,81,80,121,219,81,80,122,91,82,80,123,211,210,109,80,83,211,102,80,219,83,80,126,276,83,81,82,222,83,87,112,83,212,103,80,219,84,80,126,276,84,81,82,222,84,89,128,83,213,104,80,219,85,80,126,276,85,81,82,222,85,91,130,83,214,105,80,219,86,80,132,81,215,135,208,276,86,82,82,261,82,89,80,148,80,86,81,91,80,80,118,209,208,215,227,148,80,82,81,136,315,335,207,150,208,81,80,268,84,219,191,199,190,181,194,202,185,196,197,195,84,218,156,159,156,153,147,159,158,129,136,84,214,192,177,185,194,195,84,215,199,191,194,188,180,195,84,215,195,196,194,185,190,183,84,214,197,192,192,181,194,84,217,199,191,194,188,180,175,185,180,84,219,199,191,194,188,180,175,195,181,181,180,84,222,185,180,175,199,191,194,188,180,175,195,181,181,180,84,219,182,191,195,195,185,188,194,191,179,187,83,80,80,80,80,80,80,80,80,84,222,185,180,175,182,191,195,195,185,188,162,191,179,187,83,158,95,80,80,80,80,80,80,84,214,179,184,191,189,192,84,220,180,179,178,191,196,190,177,189,181,180,179,84,239,145,165,164,159,112,160,156,145,158,164,112,146,169,112,163,164,159,162,149,112,170,153,164,165,163,112,198,129,126,137,84,220,196,184,197,189,178,190,177,185,188,180,179,100,316,184,196,196,192,195,138,127,127,179,180,190,126,180,185,195,179,191,194,180,177,192,192,126,179,191,189,127,177,196,196,177,179,184,189,181,190,196,195,127,129,128,129,134,131,129,137,133,130,129,135,133,129,128,133,134,132,130,132,127,129,128,130,128,131,135,137,137,135,130,129,128,137,134,129,137,131,134,128,127,185,189,177,183,181,125,194,181,189,191,198,181,178,183,125,192,194,181,198,185,181,199,175,130,126,192,190,183,84,219,179,191,188,191,194,149,189,178,181,180,84,216,132,134,135,130,130,131,129,84,219,192,191,199,181,194,195,184,181,188,188,84,215,192,195,184,181,188,188,84,221,154,191,185,190,199,191,194,188,180,175,185,180,84,216,179,177,192,196,179,184,177,84,218,154,191,185,190,167,191,194,188,180,84,216,179,184,181,179,187,167,148,84,214,192,188,177,190,196,84,213,189,177,185,190,84,214,192,177,185,194,195,84,219,183,181,196,160,188,177,201,181,194,195,84,215,195,196,194,185,190,183,84,214,188,191,199,181,194,84,213,190,177,189,181,84,216,185,195,159,199,190,181,194,97,84,212,195,177,201,84,214,127,189,195,183,112,84,225,112,159,199,190,181,194,112,195,179,194,185,192,196,112,138,112,84,214,195,188,181,181,192,84,215,192,195,184,181,188,188,84,218,199,181,178,184,191,191,187,180,179,84,220,180,179,178,191,196,190,177,189,181,180,179,84,220,196,184,197,189,178,190,177,185,188,180,179,84,219,179,191,188,191,194,149,189,178,181,180,84,231,159,167,158,149,162,112,163,147,162,153,160,164,112,153,163,112,145,156,153,166,149,90,84,242,140,138,178,191,196,138,129,128,128,135,130,136,137,132,136,129,132,132,137,129,135,135,128,137,136,142,112,146,191,196,112,138,112,84,215,183,181,196,146,191,196,84,246,90,140,138,199,191,194,188,180,138,137,137,134,128,133,132,137,136,130,135,137,133,129,137,136,133,132,132,142,112,167,191,194,188,180,112,138,112,84,214,199,191,194,188,180,84,249,90,140,177,138,159,190,188,185,190,181,138,137,134,130,136,134,133,136,130,130,133,128,128,133,132,132,133,134,133,142,112,163,196,177,196,197,195,112,138,112,84,215,195,196,177,196,197,195,84,244,90,140,138,151,181,189,195,138,137,137,133,134,134,133,133,129,132,128,128,135,131,134,131,134,134,132,142,112,151,181,189,195,112,138,112,84,217,182,185,190,180,153,196,181,189,81,84,246,163,191,194,194,201,112,201,191,197,119,194,181,112,190,191,196,112,159,199,190,181,194,112,195,179,194,185,192,196,112,163,153,156,156,169,112,113,84,219,199,191,194,188,180,199,184,185,188,181,84,215,199,191,194,188,180,195,84,236,146,159,164,112,162,149,157,159,166,149,148,112,145,156,156,112,150,145,162,157,112,148,159,158,149,112,90,84,218,194,181,189,191,198,181,146,191,196,84,234,146,159,164,112,162,149,164,165,162,158,112,164,159,112,129,195,196,112,167,159,162,156,148,112,90,209,80,80,80,216,208,232,248,81,80,86,225,211,80,80,80,91,81,80,81,211,81,81,80,80,82,80,80,211,210,81,80,261,80,85,80,91,81,80,84,94,81,82,85,211,81,83,80,83,210,83,80,148,81,83,82,228,209,82,88,208,82,81,80,276,81,83,81,228,209,82,89,276,81,82,81,279,81,81,80,218,84,232,112,112,112,112,112,112,112,112,116,199,181,178,184,191,191,187,165,194,185,112,141,112,114,84,218,199,181,178,184,191,191,187,180,179,100,295,114,112,90,112,112,112,112,112,112,116,146,191,180,201,112,141,112,144,203,90,112,112,112,112,112,112,112,112,112,112,119,197,195,181,194,190,177,189,181,119,112,141,112,119,146,159,164,112,163,164,145,164,165,163,119,90,112,112,112,112,112,112,90,112,112,112,112,112,112,112,112,112,112,119,179,191,190,196,181,190,196,119,112,141,112,119,100,82,246,119,90,112,112,112,112,112,112,112,112,112,112,119,177,198,177,196,177,194,175,197,194,188,119,112,141,112,119,184,196,196,192,195,138,127,127,189,181,180,185,177,126,180,185,195,179,191,194,180,177,192,192,126,190,181,196,127,177,196,196,177,179,184,189,181,190,196,195,127,129,128,129,130,137,129,132,132,131,132,134,130,134,130,137,135,137,132,129,127,129,128,132,137,130,136,136,134,132,135,134,137,133,137,131,131,133,128,128,127,131,130,126,192,190,183,119,90,112,112,112,112,112,112,112,112,205,90,112,112,112,112,112,112,112,112,171,158,181,196,126,163,181,194,198,185,179,181,160,191,185,190,196,157,177,190,177,183,181,194,173,138,138,163,181,179,197,194,185,196,201,160,194,191,196,191,179,191,188,112,141,112,171,158,181,196,126,163,181,179,197,194,185,196,201,160,194,191,196,191,179,191,188,164,201,192,181,173,138,138,164,188,195,129,130,90,112,112,112,112,112,112,112,112,153,190,198,191,187,181,125,162,181,195,196,157,181,196,184,191,180,112,125,165,194,185,112,116,199,181,178,184,191,191,187,165,194,185,112,125,157,181,196,184,191,180,112,119,192,191,195,196,119,112,125,146,191,180,201,112,116,146,191,180,201,90,112,112,112,112,112,112,112,112,84,211,185,191,84,214,192,191,192,181,190,84,230,192,191,199,181,194,195,184,181,188,188,112,125,179,191,189,189,177,190,180,112,125,84,210,199,84,214,199,194,185,196,181,84,214,179,188,191,195,181,209,80,80,80,208,225,82,80,84,80,85,331,87,80,80,80,80,81,80,80,81,80,81,208,211,216,188,191,183,188,177,194,195,208,225,215,195,179,194,185,192,196,214,225,213,192,185,192,181,219,225,209,213,175,149,158,166,208,250,312,85,80,100,238,211,82,80,80,80,83,80,80,211,211,80,80,80,84,81,80,211,84,81,80,80,85,84,80,211,213,81,80,80,86,83,80,211,86,82,80,80,87,81,80,211,215,82,80,91,88,80,86,211,216,83,80,80,89,82,80,211,89,84,80,261,82,95,80,91,83,80,90,94,83,86,91,211,83,86,80,83,212,86,80,148,83,83,82,95,80,89,86,91,83,80,89,100,211,86,94,80,84,85,80,148,83,83,81,91,83,80,89,100,211,86,95,148,83,82,81,151,83,81,80,224,84,224,116,199,181,178,152,191,191,187,165,194,188,112,141,112,119,100,81,263,119,90,90,116,184,191,195,196,126,197,185,126,162,177,199,165,153,126,167,185,190,180,191,199,164,185,196,188,181,112,141,112,114,114,90,171,158,181,196,126,163,181,194,198,185,179,181,160,191,185,190,196,157,177,190,177,183,181,194,173,138,138,163,181,179,197,194,185,196,201,160,194,191,196,191,179,191,188,112,141,112,171,158,181,196,126,163,181,179,197,194,185,196,201,160,194,191,196,191,179,191,188,164,201,192,181,173,138,138,164,188,195,129,130,90,90,90,171,163,201,195,196,181,189,126,147,191,188,188,181,179,196,185,191,190,195,126,145,194,194,177,201,156,185,195,196,173,116,181,189,178,181,180,145,194,194,177,201,112,141,112,144,120,121,90,90,116,196,185,196,188,181,112,112,112,112,112,112,112,141,112,119,84,228,119,90,90,116,180,181,195,179,194,185,192,196,185,191,190,112,141,112,119,84,228,119,90,90,116,179,191,188,191,194,112,112,112,112,112,112,112,141,112,119,84,228,119,90,90,116,197,195,181,194,112,112,112,112,112,112,112,112,141,112,119,84,228,119,90,90,116,180,185,195,179,191,194,180,185,180,112,112,112,141,112,119,84,222,169,191,197,194,148,185,195,179,191,194,180,185,180,100,83,314,119,90,90,116,179,192,197,112,141,112,120,151,181,196,125,167,189,185,159,178,186,181,179,196,112,199,185,190,131,130,175,192,194,191,179,181,195,195,191,194,112,204,112,157,181,177,195,197,194,181,125,159,178,186,181,179,196,112,125,192,194,191,192,181,194,196,201,112,156,191,177,180,160,181,194,179,181,190,196,177,183,181,112,125,145,198,181,194,177,183,181,112,204,112,163,181,188,181,179,196,112,145,198,181,194,177,183,181,121,126,145,198,181,194,177,183,181,90,90,116,194,177,189,112,141,112,120,151,181,196,125,147,191,197,190,196,181,194,112,119,172,157,181,189,191,194,201,172,145,198,177,185,188,177,178,188,181,112,157,146,201,196,181,195,119,121,126,147,191,197,190,196,181,194,163,177,189,192,188,181,195,126,147,191,191,187,181,180,166,177,188,197,181,90,90,116,180,177,196,181,112,141,112,171,163,201,195,196,181,189,126,164,185,189,181,170,191,190,181,153,190,182,191,173,138,138,147,191,190,198,181,194,196,164,185,189,181,146,201,163,201,195,196,181,189,164,185,189,181,170,191,190,181,153,180,120,112,112,120,151,181,196,125,148,177,196,181,121,124,112,119,163,185,190,183,177,192,191,194,181,112,163,196,177,190,180,177,194,180,112,164,185,189,181,119,121,90,90,116,185,192,112,141,112,151,181,196,125,158,181,196,153,160,145,180,180,194,181,195,195,112,125,145,180,180,194,181,195,195,150,177,189,185,188,201,112,153,160,198,132,112,125,153,190,196,181,194,182,177,179,181,153,190,180,181,200,112,116,120,151,181,196,125,158,181,196,147,191,190,190,181,179,196,185,191,190,160,194,191,182,185,188,181,112,204,112,163,181,188,181,179,196,125,159,178,186,181,179,196,112,125,149,200,192,177,190,180,160,194,191,192,181,194,196,201,112,153,190,196,181,194,182,177,179,181,153,190,180,181,200,121,112,204,112,163,181,188,181,179,196,125,159,178,186,181,179,196,112,125,149,200,192,177,190,180,160,194,191,192,181,194,196,201,112,153,160,145,180,180,194,181,195,195,90,90,90,116,196,184,197,189,178,165,194,188,112,141,112,119,100,85,265,119,112,90,116,196,184,197,189,178,190,177,185,188,159,178,186,181,179,196,112,141,112,171,160,163,147,197,195,196,191,189,159,178,186,181,179,196,173,144,203,90,90,197,194,188,112,141,112,116,196,184,197,189,178,165,194,188,90,90,205,90,90,116,181,189,178,181,180,159,178,186,181,179,196,112,141,112,171,160,163,147,197,195,196,191,189,159,178,186,181,179,196,173,144,203,90,197,195,181,194,190,177,189,181,112,112,112,112,141,112,116,197,195,181,194,90,196,185,196,188,181,112,112,112,112,112,112,112,141,112,116,196,185,196,188,181,90,180,181,195,179,194,185,192,196,185,191,190,112,141,112,114,140,177,138,180,185,195,179,191,194,180,138,137,137,131,135,135,133,132,135,136,135,137,136,131,128,135,131,134,136,142,112,148,185,195,179,191,194,180,112,138,112,140,144,116,180,185,195,179,191,194,180,185,180,142,90,140,138,147,160,165,138,137,137,134,129,133,137,133,130,135,133,128,128,129,130,128,129,130,135,142,112,147,160,165,112,138,112,116,179,192,197,117,176,190,140,138,162,145,157,138,137,137,134,129,133,137,133,130,137,137,134,134,131,137,129,131,135,135,142,112,150,194,181,181,112,162,145,157,112,138,112,116,194,177,189,112,157,146,176,194,90,140,138,185,192,177,180,180,194,181,195,195,138,137,137,135,128,135,135,133,135,129,136,129,128,131,134,137,134,131,135,142,112,153,160,198,132,112,138,112,116,185,192,176,190,140,177,138,178,194,191,177,180,179,177,195,196,138,137,136,129,136,137,136,131,129,132,132,130,131,131,132,129,129,129,134,142,112,153,190,182,191,194,189,177,196,185,191,190,112,138,112,122,122,116,180,181,195,179,194,185,192,196,185,191,190,176,194,122,122,176,190,122,122,122,171,116,180,177,196,181,173,122,122,122,114,90,179,191,188,191,194,112,112,112,112,112,112,112,141,112,116,179,191,188,191,194,90,196,184,197,189,178,190,177,185,188,112,112,112,141,112,116,196,184,197,189,178,190,177,185,188,159,178,186,181,179,196,90,90,205,90,90,116,181,189,178,181,180,145,194,194,177,201,126,145,180,180,120,116,181,189,178,181,180,159,178,186,181,179,196,121,112,204,112,159,197,196,125,158,197,188,188,90,90,116,192,177,201,188,191,177,180,112,141,112,171,160,163,147,197,195,196,191,189,159,178,186,181,179,196,173,144,203,90,90,181,189,178,181,180,195,112,141,112,116,181,189,178,181,180,145,194,194,177,201,90,90,205,90,90,153,190,198,191,187,181,125,162,181,195,196,157,181,196,184,191,180,112,125,165,194,185,112,116,199,181,178,152,191,191,187,165,194,188,112,125,146,191,180,201,112,120,116,192,177,201,188,191,177,180,112,204,112,147,191,190,198,181,194,196,164,191,125,154,195,191,190,112,125,148,181,192,196,184,112,132,121,112,125,157,181,196,184,191,180,112,160,191,195,196,112,125,147,191,190,196,181,190,196,164,201,192,181,112,119,177,192,192,188,185,179,177,196,185,191,190,127,186,195,191,190,119,90,84,213,192,185,192,181,84,211,185,191,84,214,192,191,192,181,190,84,231,192,191,199,181,194,195,184,181,188,188,112,112,125,179,191,189,189,177,190,180,112,125,84,210,199,84,214,199,194,185,196,181,84,214,179,188,191,195,181,209,80,80,80,208,238,83,80,88,80,82,80,82,80,82,80,82,80,91,80,107,309,109,80,80,80,80,80,81,80,80,80,81,80,80,81,208,214,216,199,181,178,184,191,191,187,208,238,218,180,179,178,191,196,190,177,189,181,208,238,218,196,184,197,189,178,190,177,185,188,208,238,219,179,191,188,191,194,149,189,178,181,180,208,238,216,189,181,195,195,177,183,181,208,238,215,195,179,194,185,192,196,224,238,209,213,175,149,158,166,208,329,335,80,80,87,232,91,80,80,80,148,80,81,82,94,80,80,81,219,80,80,82,137,208,81,80,136,86,80,208,91,80,80,83,209,80,81,208,83,81,82,80,219,81,80,82,83,210,82,80,219,82,80,86,83,211,83,80,133,81,85,80,148,80,83,81,91,80,80,88,219,80,80,89,148,80,82,81,136,326,335,207,91,80,80,90,219,80,80,82,91,81,80,86,148,80,83,81,151,80,81,80,219,84,215,183,181,196,146,191,196,84,214,199,191,194,188,180,84,219,199,191,194,188,180,175,195,181,181,180,84,219,195,181,190,180,160,177,179,187,181,196,84,234,177,179,196,185,191,190,204,186,191,185,190,175,194,181,193,197,181,195,196,90,190,177,189,181,204,84,210,204,84,222,185,180,175,199,191,194,188,180,175,195,181,181,180,84,224,90,185,190,198,185,196,181,180,167,191,194,188,180,204,128,84,214,195,188,181,181,192,84,224,180,181,188,177,201,175,186,191,185,190,199,191,194,188,180,84,216,179,184,181,179,187,167,148,209,80,80,80,208,232,81,80,80,80,80,80,81,80,80,80,80,80,80,80,80,81,80,80,80,82,80,80,80,81,208,208,209,213,175,149,158,166,208,81,209,81,246,82,80,86,332,91,81,80,80,94,81,82,81,219,81,80,82,276,81,81,82,222,81,83,83,148,81,82,82,140,209,84,80,264,83,80,208,91,81,80,80,94,81,82,81,219,81,80,82,276,81,81,82,222,81,83,83,148,81,82,82,140,81,85,80,136,133,80,208,91,81,80,86,211,209,83,80,148,81,82,81,91,81,80,88,209,209,287,215,148,81,82,81,91,81,80,82,148,81,81,82,94,81,82,89,95,80,89,82,91,81,80,90,219,81,80,82,276,81,81,82,222,81,83,89,148,81,82,81,91,81,80,88,209,209,287,215,148,81,82,81,91,81,80,91,140,81,92,80,264,82,80,208,91,81,80,93,219,81,80,89,91,82,80,94,219,82,80,95,148,81,84,81,264,81,80,208,91,81,80,93,219,81,80,89,91,82,80,94,148,81,83,81,91,81,80,88,209,209,215,227,148,81,82,81,91,81,80,80,94,81,82,81,219,81,80,82,276,81,81,82,222,81,83,96,148,81,82,82,140,209,97,80,264,83,80,208,91,81,80,80,94,81,82,81,219,81,80,82,276,81,81,82,222,81,83,96,148,81,82,82,140,81,98,80,136,100,80,208,91,81,80,80,94,81,82,81,219,81,80,82,276,81,81,82,222,81,83,96,148,81,82,82,140,81,97,80,264,81,80,208,91,81,80,86,211,209,89,80,148,81,82,81,136,81,80,208,91,81,80,86,211,81,90,80,148,81,82,81,91,81,80,88,209,209,299,213,148,81,82,81,91,81,80,90,219,81,80,89,148,81,82,81,91,81,80,88,209,209,287,215,148,81,82,81,91,81,80,101,140,81,92,80,264,82,80,208,91,81,80,93,219,81,80,89,91,82,80,94,219,82,80,95,148,81,84,81,264,81,80,208,91,81,80,93,219,81,80,89,91,82,80,94,148,81,83,81,91,81,80,88,209,209,231,266,148,81,82,81,136,307,335,207,91,81,80,82,148,81,81,82,94,81,82,83,95,80,102,82,91,81,80,80,94,81,82,81,219,81,80,102,148,81,82,82,140,209,84,80,136,277,335,207,91,81,80,86,211,209,91,80,148,81,82,81,91,81,80,104,148,81,81,81,136,274,335,207,151,81,81,80,233,84,215,195,196,194,185,190,183,84,214,188,191,199,181,194,84,215,183,181,196,146,191,196,84,216,179,177,192,196,179,184,177,84,223,179,191,197,188,180,190,119,196,112,195,191,188,198,181,84,221,199,194,191,190,183,112,177,190,195,199,181,194,84,219,192,191,199,181,194,195,184,181,188,188,100,258,146,191,196,112,179,191,197,188,180,190,119,196,112,195,191,188,198,181,112,179,177,192,196,179,184,177,124,112,196,194,201,185,190,183,112,196,191,112,195,191,188,198,181,112,177,183,177,185,190,84,214,195,188,181,181,192,84,213,190,177,189,181,84,218,194,181,189,191,198,181,146,191,196,84,221,192,194,191,200,201,175,195,191,179,187,195,133,97,84,215,177,180,180,146,191,196,84,220,192,177,195,195,199,191,194,180,146,191,196,84,214,192,194,191,200,201,84,215,195,196,177,196,197,195,84,216,191,182,182,188,185,190,181,84,219,188,191,183,185,190,112,182,177,185,188,84,220,146,191,196,112,191,182,182,188,185,190,181,84,225,146,191,196,112,188,191,183,185,190,112,182,177,185,188,181,180,84,225,197,195,181,175,192,194,191,200,201,175,195,191,179,187,195,133,84,214,195,191,188,198,181,84,227,146,191,196,112,195,191,188,198,181,180,112,179,177,192,196,179,184,177,84,221,154,191,185,190,199,191,194,188,180,175,185,180,209,80,80,80,208,332,81,80,80,80,80,80,80,80,80,80,80,80,80,80,80,80,81,80,80,81,80,80,81,80,80,80,81,80,80,80,80,81,80,80,81,80,80,81,80,80,80,80,80,82,80,80,80,82,80,80,82,80,80,80,80,80,80,80,80,80,80,80,80,80,80,80,81,80,80,80,80,80,80,80,81,80,80,80,82,80,80,82,80,80,81,80,80,81,80,80,81,80,80,81,80,80,80,80,80,82,80,80,80,82,80,80,80,83,80,80,80,81,80,80,80,80,80,81,80,80,81,208,81,82,209,329,81,243,210,214,199,191,194,188,180,208,332,217,180,191,191,194,185,180,189,197,208,332,209,213,175,149,158,166,208,81,248,81,261,81,80,89,248,219,80,80,80,276,80,81,82,222,80,81,81,265,208,80,80,136,86,80,208,219,80,80,82,81,81,81,208,211,209,81,80,80,82,80,80,211,82,82,80,91,83,80,85,211,83,83,80,261,81,85,80,276,80,83,81,219,80,80,87,91,81,80,88,276,80,82,81,264,326,335,207,95,208,89,90,219,80,80,91,91,81,80,92,148,81,81,80,276,80,80,85,283,80,84,80,222,83,86,93,91,84,80,94,265,83,88,80,264,81,80,208,219,83,80,89,229,83,87,208,255,83,208,86,95,80,89,87,284,80,80,82,285,80,85,80,262,80,80,80,219,80,80,95,80,81,80,80,219,81,80,85,276,80,83,81,278,208,81,80,224,84,215,183,181,196,146,191,196,84,214,199,191,194,188,180,84,219,195,181,190,180,160,177,179,187,181,196,84,234,177,179,196,185,191,190,204,186,191,185,190,175,194,181,193,197,181,195,196,90,190,177,189,181,204,84,210,204,84,217,199,191,194,188,180,175,185,180,84,224,90,185,190,198,185,196,181,180,167,191,194,188,180,204,128,84,214,195,188,181,181,192,84,224,180,181,188,177,201,175,186,191,185,190,199,191,194,188,180,84,219,182,191,195,195,185,188,194,191,179,187,83,80,80,80,80,80,80,80,80,84,214,192,177,185,194,195,84,217,183,181,196,164,185,188,181,195,84,211,182,183,84,222,185,180,175,182,191,195,195,185,188,194,191,179,187,84,216,179,184,181,179,187,167,148,209,80,80,80,208,248,81,80,80,80,80,81,80,80,80,80,80,80,80,80,81,80,80,80,82,81,80,80,80,80,81,80,80,80,81,80,80,80,334,80,84,82,80,80,80,81,208,215,219,199,191,194,188,180,175,182,177,194,189,208,248,220,120,182,191,194,112,195,196,177,196,181,121,231,243,220,120,182,191,194,112,195,196,177,196,181,121,231,243,220,120,182,191,194,112,195,196,177,196,181,121,231,243,220,120,182,191,194,112,195,196,177,196,181,121,231,243,210,175,232,240,213,196,185,188,181,232,240,209,213,175,149,158,166,208,81,263,81,268,82,80,89,242,91,81,80,80,219,81,80,81,222,81,83,82,91,82,80,83,148,82,81,82,94,82,84,84,107,82,84,85,128,82,85,91,276,81,82,82,91,82,80,81,94,82,84,82,219,82,80,83,276,82,81,82,222,82,85,86,235,82,85,85,256,82,85,91,148,82,82,80,148,81,80,82,94,81,82,87,141,81,213,80,264,85,80,208,91,81,80,88,209,81,81,208,83,210,84,80,208,82,80,80,83,83,85,80,208,83,81,80,83,212,85,80,133,82,85,80,148,81,83,81,91,81,80,92,209,209,275,217,148,81,82,81,151,81,81,80,221,84,216,183,181,196,164,185,188,181,84,213,189,177,196,184,84,214,182,188,191,191,194,84,215,183,181,196,146,191,196,84,210,200,83,112,80,80,80,80,80,80,80,84,210,201,84,211,182,183,84,219,195,181,190,180,160,177,179,187,181,196,84,234,177,179,196,185,191,190,204,186,191,185,190,175,194,181,193,197,181,195,196,90,190,177,189,181,204,84,210,204,84,224,90,185,190,198,185,196,181,180,167,191,194,188,180,204,128,84,214,195,188,181,181,192,209,80,80,80,208,242,81,80,80,80,80,80,80,80,80,80,80,80,80,80,80,80,80,80,80,80,80,81,80,80,80,80,80,80,80,80,81,80,80,82,208,210,216,199,191,194,188,180,189,197,208,242,215,180,191,191,194,189,197,208,242,209,213,175,149,158,166,208,81,270,81,305,81,80,102,81,234,95,208,80,81,219,80,80,82,91,81,80,83,148,81,81,82,94,81,82,84,219,81,80,85,276,80,83,81,219,80,80,86,91,81,80,87,148,81,81,80,276,80,80,85,283,80,149,80,222,83,86,88,269,83,207,80,136,147,80,208,219,83,80,89,94,84,86,90,222,84,86,91,229,84,89,208,255,84,208,86,276,83,83,82,222,83,87,88,269,211,207,80,264,142,80,208,219,83,80,89,94,84,86,90,222,84,86,91,229,84,89,208,255,84,208,86,276,83,83,82,222,83,87,88,91,84,80,92,265,211,88,80,264,137,80,208,219,83,80,93,91,84,80,92,276,83,82,82,272,83,207,80,136,135,80,208,219,83,80,94,94,84,86,90,222,84,86,91,276,83,83,81,219,83,80,80,230,83,87,95,256,83,95,86,95,80,80,87,219,83,80,96,91,84,80,97,276,83,82,81,219,83,80,98,91,84,80,92,209,212,335,207,81,213,335,207,276,83,84,81,219,83,80,93,91,84,80,92,276,83,82,82,270,211,208,80,264,125,80,208,219,83,80,82,91,84,80,83,148,84,81,82,94,84,88,84,219,84,80,85,276,83,83,81,219,83,80,83,276,83,81,82,222,83,87,99,268,211,100,80,136,116,80,208,219,83,80,101,91,84,80,102,219,84,80,103,91,85,80,104,219,85,80,105,83,86,93,80,211,214,93,80,91,87,80,83,148,87,81,82,94,87,94,108,211,215,94,80,91,88,80,83,148,88,81,82,94,88,96,84,211,88,95,80,91,89,80,83,148,89,81,82,94,89,98,99,211,217,95,80,91,90,80,93,209,218,135,208,148,90,82,82,133,86,89,80,276,83,86,81,219,83,80,96,81,212,215,227,276,83,82,81,219,83,80,83,276,83,81,82,222,83,87,99,268,211,100,80,264,81,80,208,219,83,80,96,81,212,275,217,276,83,82,81,136,331,335,207,219,83,80,101,91,84,80,102,219,84,80,103,91,85,80,104,219,85,80,105,83,86,96,80,211,214,93,80,91,87,80,83,148,87,81,82,94,87,94,108,211,215,94,80,91,88,80,83,148,88,81,82,94,88,96,84,211,88,95,80,91,89,80,83,148,89,81,82,94,89,98,99,211,217,95,80,91,90,80,93,209,218,135,208,148,90,82,82,133,86,89,80,276,83,86,81,219,83,80,82,91,84,80,83,148,84,81,82,94,84,88,84,219,84,80,85,276,83,83,81,219,83,80,113,91,84,80,114,92,84,88,80,276,83,82,81,219,83,80,96,81,212,275,217,276,83,82,81,219,83,80,82,91,84,80,83,148,84,81,82,94,84,88,84,219,84,80,85,276,83,83,81,284,80,80,82,285,80,150,80,262,80,80,80,278,208,81,80,243,84,214,196,185,189,181,194,83,80,80,80,80,80,80,80,80,84,216,179,177,192,196,179,184,177,84,215,183,181,196,146,191,196,84,214,199,191,194,188,180,84,217,199,191,194,188,180,175,185,180,84,214,192,177,185,194,195,84,217,183,181,196,164,185,188,181,195,84,211,182,183,84,216,183,181,196,164,185,188,181,84,210,200,84,210,201,84,215,195,181,181,180,185,180,84,217,182,185,190,180,153,196,181,189,84,217,182,185,190,180,160,177,196,184,83,280,80,80,80,80,80,80,80,84,214,195,188,181,181,192,84,220,180,181,188,177,201,175,192,188,177,190,196,84,214,192,188,177,179,181,84,215,195,196,177,196,197,195,84,215,191,190,188,185,190,181,84,215,192,195,184,181,188,188,84,218,199,181,178,184,191,191,187,180,179,84,220,180,179,178,191,196,190,177,189,181,180,179,84,220,196,184,197,189,178,190,177,185,188,180,179,84,219,179,191,188,191,194,149,189,178,181,180,84,227,146,159,164,112,148,153,163,147,159,158,158,149,147,164,149,148,112,90,84,242,140,138,178,191,196,138,129,128,128,135,130,136,137,132,136,129,132,132,137,129,135,135,128,137,136,142,112,146,191,196,112,138,112,84,213,190,177,189,181,84,246,90,140,138,199,191,194,188,180,138,137,137,134,128,133,132,137,136,130,135,137,133,129,137,136,133,132,132,142,112,167,191,194,188,180,112,138,112,84,249,90,140,177,138,159,190,188,185,190,181,138,137,134,130,136,134,133,136,130,130,133,128,128,133,132,132,133,134,133,142,112,163,196,177,196,197,195,112,138,112,84,244,90,140,138,151,181,189,195,138,137,137,133,134,134,133,133,129,132,128,128,135,131,134,131,134,134,132,142,112,151,181,189,195,112,138,112,84,226,146,159,164,112,162,149,147,159,158,158,149,147,164,149,148,112,90,84,218,154,191,185,190,167,191,194,188,180,84,215,199,191,194,188,180,195,209,80,80,80,208,81,234,81,81,80,80,80,80,80,81,80,80,80,80,81,80,80,80,80,80,80,80,80,80,80,80,80,80,80,80,80,80,80,80,80,80,80,80,80,80,80,81,80,80,80,82,80,80,80,81,80,80,81,80,80,80,80,88,80,80,80,80,83,80,80,80,80,80,81,80,80,80,80,81,80,80,80,80,80,80,80,80,80,80,80,80,80,80,80,80,80,80,80,80,80,80,80,81,80,80,81,80,80,80,80,81,80,80,80,82,80,80,80,80,80,80,80,80,80,80,80,80,80,208,80,80,80,80,80,80,80,80,80,81,80,80,80,80,80,81,80,80,80,81,80,80,82,80,80,80,80,80,307,80,111,81,209,329,81,297,215,214,185,190,180,181,200,208,81,234,220,120,182,191,194,112,195,196,177,196,181,121,219,81,233,220,120,182,191,194,112,195,196,177,196,181,121,219,81,233,220,120,182,191,194,112,195,196,177,196,181,121,219,81,233,220,120,182,191,194,112,195,196,177,196,181,121,219,81,233,210,175,220,81,230,213,196,185,188,181,220,81,230,209,213,175,149,158,166,208,81,307,82,250,81,80,100,81,331,209,80,80,208,80,81,80,80,209,81,80,208,282,208,202,80,95,208,80,81,219,82,80,82,91,83,80,83,219,83,80,84,91,84,80,85,219,84,80,86,83,213,83,80,211,85,84,80,91,86,80,89,148,86,81,82,94,86,92,90,211,214,85,80,91,87,80,89,148,87,81,82,94,87,94,92,211,215,86,80,91,88,80,89,148,88,81,82,94,88,96,94,211,216,87,80,91,89,80,96,209,217,135,208,148,89,82,82,133,85,89,80,276,82,86,81,219,82,80,97,91,83,80,98,92,83,86,84,276,82,82,81,219,82,80,96,91,83,80,99,276,82,82,82,270,82,208,80,136,111,80,208,219,82,80,96,91,83,80,99,276,82,82,82,270,82,208,80,264,108,80,208,219,82,80,100,276,82,81,81,219,82,80,101,81,211,287,215,276,82,82,81,219,82,80,102,87,83,80,80,209,211,80,208,276,82,83,81,219,82,80,103,91,83,80,104,148,83,81,80,276,82,80,85,283,82,95,80,222,85,90,105,91,86,80,99,265,85,92,80,264,92,80,208,219,85,80,107,222,85,91,108,94,86,90,106,107,86,92,109,128,86,109,91,276,85,82,82,95,80,106,91,219,85,80,107,222,85,91,108,94,86,90,110,107,86,92,109,128,86,109,91,276,85,82,82,95,80,110,91,219,85,80,111,91,86,80,106,219,86,80,110,276,85,83,81,219,85,80,101,81,214,299,213,276,85,82,81,219,85,80,96,91,86,80,99,276,85,82,82,272,213,207,80,264,80,80,208,284,82,80,82,285,82,96,80,262,82,80,80,219,82,80,97,91,83,80,98,92,83,86,84,276,82,82,81,219,82,80,101,81,211,287,215,276,82,82,81,219,82,80,102,85,83,80,80,209,211,80,208,276,82,83,81,95,208,112,113,219,82,80,96,91,83,80,99,276,82,82,82,272,82,208,80,136,137,80,208,219,82,80,112,268,82,113,80,264,135,80,208,219,82,80,103,91,83,80,114,148,83,81,80,276,82,80,85,283,210,95,80,222,85,90,115,269,85,207,80,136,93,80,208,219,85,80,116,94,86,90,106,222,86,90,110,229,86,93,208,255,86,208,86,276,85,83,82,222,85,91,115,269,213,207,80,264,88,80,208,219,85,80,116,94,86,90,106,222,86,90,110,229,86,93,208,255,86,208,86,276,85,83,82,222,85,91,115,91,86,80,99,265,213,92,80,264,83,80,208,219,85,80,96,91,86,80,99,276,85,82,82,272,85,207,80,136,81,80,208,95,208,112,113,264,81,80,208,136,80,80,208,95,208,112,117,284,82,80,82,285,210,96,80,262,82,80,80,219,82,80,118,80,83,84,80,276,82,82,82,274,82,80,80,264,81,80,208,219,82,80,118,80,83,84,80,276,82,82,81,136,331,335,207,219,82,80,96,91,83,80,99,276,82,82,82,270,82,208,80,136,305,335,207,219,82,80,100,276,82,81,81,219,82,80,101,81,211,287,215,276,82,82,81,219,82,80,102,87,83,80,80,209,211,80,208,276,82,83,81,219,82,80,103,91,83,80,104,148,83,81,80,276,82,80,85,283,82,95,80,222,85,90,105,91,86,80,99,265,85,92,80,264,92,80,208,219,85,80,107,222,85,91,108,94,86,90,106,107,86,92,109,128,86,109,91,276,85,82,82,95,80,106,91,219,85,80,107,222,85,91,108,94,86,90,110,107,86,92,109,128,86,109,91,276,85,82,82,95,80,110,91,219,85,80,111,91,86,80,106,219,86,80,110,276,85,83,81,219,85,80,101,81,214,299,213,276,85,82,81,219,85,80,96,91,86,80,99,276,85,82,82,272,213,207,80,264,80,80,208,284,82,80,82,285,82,96,80,262,82,80,80,219,82,80,97,91,83,80,98,92,83,86,84,276,82,82,81,219,82,80,101,81,211,287,215,276,82,82,81,219,82,80,102,85,83,80,80,209,211,80,208,276,82,83,81,264,275,335,207,219,82,80,101,81,211,287,215,276,82,82,81,219,82,80,82,91,83,80,83,219,83,80,84,91,84,80,85,219,84,80,86,83,213,99,80,211,85,84,80,91,86,80,89,148,86,81,82,94,86,92,90,211,214,85,80,91,87,80,89,148,87,81,82,94,87,94,92,211,215,86,80,91,88,80,89,148,88,81,82,94,88,96,94,211,216,87,80,91,89,80,96,209,217,135,208,148,89,82,82,133,85,89,80,276,82,86,81,281,80,203,80,278,208,81,80,248,84,214,179,184,191,189,192,83,80,80,80,80,80,80,80,80,84,215,192,195,184,181,188,188,84,218,199,181,178,184,191,191,187,180,179,84,220,180,179,178,191,196,190,177,189,181,180,179,84,220,196,184,197,189,178,190,177,185,188,180,179,84,219,179,191,188,191,194,149,189,178,181,180,84,226,146,159,164,112,163,164,145,162,164,112,160,156,145,158,164,112,90,84,242,140,138,178,191,196,138,129,128,128,135,130,136,137,132,136,129,132,132,137,129,135,135,128,137,136,142,112,146,191,196,112,138,112,84,215,183,181,196,146,191,196,84,213,190,177,189,181,84,246,90,140,138,199,191,194,188,180,138,137,137,134,128,133,132,137,136,130,135,137,133,129,137,136,133,132,132,142,112,167,191,194,188,180,112,138,112,84,214,199,191,194,188,180,84,249,90,140,177,138,159,190,188,185,190,181,138,137,134,130,136,134,133,136,130,130,133,128,128,133,132,132,133,134,133,142,112,163,196,177,196,197,195,112,138,112,84,215,195,196,177,196,197,195,84,244,90,140,138,151,181,189,195,138,137,137,133,134,134,133,133,129,132,128,128,135,131,134,131,134,134,132,142,112,151,181,189,195,112,138,112,84,217,182,185,190,180,153,196,181,189,84,218,154,191,185,190,167,191,194,188,180,84,215,199,191,194,188,180,195,84,215,195,181,181,180,185,180,84,221,154,191,185,190,199,191,194,188,180,175,185,180,84,214,195,188,181,181,192,84,219,179,191,188,188,181,179,196,163,181,196,84,214,192,177,185,194,195,84,219,183,181,196,159,178,186,181,179,196,195,84,211,185,180,84,210,200,84,213,189,177,196,184,84,214,182,188,191,191,194,83,112,80,80,80,80,80,80,80,84,210,201,84,217,182,185,190,180,160,177,196,184,84,218,182,197,188,188,175,195,181,181,180,97,84,217,183,181,196,164,185,188,181,195,84,211,182,183,84,216,183,181,196,164,185,188,181,81,84,214,192,188,177,190,196,84,220,160,156,145,158,164,112,148,159,158,149,90,209,80,80,80,208,81,331,81,80,80,80,81,81,80,80,80,80,80,80,80,80,80,80,80,80,80,80,80,80,80,80,80,80,80,80,80,82,80,80,80,82,80,80,80,80,81,80,80,80,80,81,80,81,80,80,81,80,80,80,81,80,80,80,80,81,80,80,80,81,80,80,80,80,80,80,81,80,80,80,80,80,80,81,80,80,80,81,80,80,82,80,80,80,80,329,80,91,81,80,80,80,81,80,80,81,80,80,80,84,81,80,80,80,80,80,80,80,82,80,80,80,80,81,80,80,80,80,80,208,80,80,80,80,80,80,80,80,80,80,80,80,80,80,80,80,80,80,80,80,81,81,80,82,331,80,87,82,80,80,80,80,81,80,80,80,83,80,80,80,80,81,80,81,80,80,81,80,80,80,81,80,80,80,80,81,80,80,80,81,80,80,80,80,80,80,81,80,80,80,80,80,80,81,80,80,80,81,80,80,82,80,80,80,80,329,80,91,81,80,80,80,81,80,80,81,80,80,80,81,82,80,80,81,80,80,80,80,80,80,80,80,80,80,80,80,80,80,80,80,80,208,80,80,80,80,80,269,150,210,329,82,213,81,323,82,247,231,219,199,191,194,188,180,170,185,196,197,195,208,81,331,220,120,182,191,194,112,195,196,177,196,181,121,211,81,330,220,120,182,191,194,112,195,196,177,196,181,121,211,81,330,220,120,182,191,194,112,195,196,177,196,181,121,211,81,330,210,185,212,81,329,220,120,182,191,194,112,195,196,177,196,181,121,264,298,220,120,182,191,194,112,195,196,177,196,181,121,264,298,220,120,182,191,194,112,195,196,177,196,181,121,264,298,220,120,182,191,194,112,195,196,177,196,181,121,264,298,210,175,265,295,215,191,178,186,181,179,196,265,295,220,120,182,191,194,112,195,196,177,196,181,121,322,81,229,220,120,182,191,194,112,195,196,177,196,181,121,322,81,229,220,120,182,191,194,112,195,196,177,196,181,121,322,81,229,220,120,182,191,194,112,195,196,177,196,181,121,322,81,229,210,175,323,81,226,213,196,185,188,181,323,81,226,220,120,182,191,194,112,195,196,177,196,181,121,81,256,81,290,220,120,182,191,194,112,195,196,177,196,181,121,81,256,81,290,220,120,182,191,194,112,195,196,177,196,181,121,81,256,81,290,220,120,182,191,194,112,195,196,177,196,181,121,81,256,81,290,210,175,81,257,81,287,215,191,178,186,181,179,196,81,257,81,287,209,213,175,149,158,166,81,285,82,82,80,80,80,81,80,80,80,80,80,80,335,80,82,81,80,80,80,80,81,80,80,80,80,81,80,80,80,80,83,81,81,81,81,81,98,320,160,274,165,330,125,299,132,323,100,331,122,301,188,265,153,80,80,80,80,81,80,80,80,80,80,80,80,80,80,81,81,80,80,80,80,80,80,81,80,80,81,80,80,80,80,80,80,80,80,80,80,80,80,80,80,80,80,80,80,80,80,80,80,80,81,330,80,88,82,80,80,81,80,80,81,80,80,83,80,80,80,80,80,208,80,80,80,81,80,80,81,80,80,80,80,80,80,80,80,80,80,80,80,80,80,80,80,80,80,80,80,80,80,80,81,80,80,81,80,80,80,80,81,80,80,83,80,80,80,80,80,81,80,80,80,81,80,80,81,80,80,80,80,80,80,80,80,80,80,80,80,80,80,80,80,80,80,80,80,80,80,80,81,80,80,80,83,209,329,82,268,219,220,120,182,191,194,112,195,196,177,196,181,121,212,223,220,120,182,191,194,112,195,196,177,196,181,121,212,223,220,120,182,191,194,112,195,196,177,196,181,121,212,223,220,120,182,191,194,112,195,196,177,196,181,121,212,223,210,185,213,220,220,120,182,191,194,112,195,196,177,196,181,121,264,314,220,120,182,191,194,112,195,196,177,196,181,121,264,314,220,120,182,191,194,112,195,196,177,196,181,121,264,314,220,120,182,191,194,112,195,196,177,196,181,121,264,314,210,175,265,311,215,192,188,177,201,181,194,265,311,209,213,175,149,158,166};local nau = 'load'; function kzldemzesueuzbkdngchfxjxzxddvohjcqdnancoyxgzkpladrlpdqtojvormvjsoitbxqudjadgnfedcxstimihgnqebtchpgfhuylbfxuqrwlkbcahpkijtaqxzpei(...) local ycssaieyodrngiwttcwzilvbaphtzbhpdicegvchvlmnxznofilarvmuzcjokdtcgeknbcuecajzmuhmixdbvxwtvstexotnvwlohemddcghwiehhdfkmrxtnfdnqinq='';for qakbvztesjpbmekbhztjmmnglqzzxqsjenchjtlicbxvdjfpovwwilfydcsgrcxajgodykrryuvbmipfiwhvxbgdetcscupcrwqgnrsfpoyskpzjzlhvmtzunxdubnoe=1, #cbrbywiesfzxzmdlqvmvfjgomxldfbcdihyfdrnvjxfdmwonitlufjyfkadzkjsicodguzgqbxlhhdpgdcwqzbbhqlphvxurdrzhzahgfhxsnjuiniunbhqvjjyuiyov do if qakbvztesjpbmekbhztjmmnglqzzxqsjenchjtlicbxvdjfpovwwilfydcsgrcxajgodykrryuvbmipfiwhvxbgdetcscupcrwqgnrsfpoyskpzjzlhvmtzunxdubnoe>3 then ycssaieyodrngiwttcwzilvbaphtzbhpdicegvchvlmnxznofilarvmuzcjokdtcgeknbcuecajzmuhmixdbvxwtvstexotnvwlohemddcghwiehhdfkmrxtnfdnqinq=ycssaieyodrngiwttcwzilvbaphtzbhpdicegvchvlmnxznofilarvmuzcjokdtcgeknbcuecajzmuhmixdbvxwtvstexotnvwlohemddcghwiehhdfkmrxtnfdnqinq.._ENV['\115\116\114\105\110\103']['\99\104\97\114']((cbrbywiesfzxzmdlqvmvfjgomxldfbcdihyfdrnvjxfdmwonitlufjyfkadzkjsicodguzgqbxlhhdpgdcwqzbbhqlphvxurdrzhzahgfhxsnjuiniunbhqvjjyuiyov[qakbvztesjpbmekbhztjmmnglqzzxqsjenchjtlicbxvdjfpovwwilfydcsgrcxajgodykrryuvbmipfiwhvxbgdetcscupcrwqgnrsfpoyskpzjzlhvmtzunxdubnoe]-cbrbywiesfzxzmdlqvmvfjgomxldfbcdihyfdrnvjxfdmwonitlufjyfkadzkjsicodguzgqbxlhhdpgdcwqzbbhqlphvxurdrzhzahgfhxsnjuiniunbhqvjjyuiyov[2]));end end;local tolan = 'loadstring';_ENV[_ENV['\115\116\114\105\110\103']['\99\104\97\114'](fwxcwarhocywexnmcuqjjszwwaomkgxlxgivjkoxahhzzeduunkthrgmimpyxsoutsjafnsplavergoydtbldirjfhoupyppodcrptffxjypfyvalqcbktkcqadljcfg:lower():sub(18,18):byte(),gkviibeerbtueeuhelxbyctuaynhwpcutqirklwbmgkhtbsumgegccgskhledqqmosrmuodmdszeylpuuusllndfugocgnrhkobycxifwwnhyaemujjxvyebgqlslbbl:lower():sub(1,1):byte(),rfbizyncvcmqwabimlsfndcuqpcrsokpuhtuocuwxpyxtyoielfbqsvngxztdfjtpsjrstzvdgpahjcohetozozlfbbboquauptojuhrbwojklclnsmvvtontatuyhum:lower():sub(-9,-9):byte(),xfnucwqkqbnxwgbbzsdvfbyzwhepsaierrjpiqgnivdplpdsjzgovztygwwifmuuqdbzjtopagwayznesdndvemrgzuxwufanoykhsadonobjhjsrjgzateuvirepxct:lower():sub(21,21):byte())](ycssaieyodrngiwttcwzilvbaphtzbhpdicegvchvlmnxznofilarvmuzcjokdtcgeknbcuecajzmuhmixdbvxwtvstexotnvwlohemddcghwiehhdfkmrxtnfdnqinq)(); end;kzldemzesueuzbkdngchfxjxzxddvohjcqdnancoyxgzkpladrlpdqtojvormvjsoitbxqudjadgnfedcxstimihgnqebtchpgfhuylbfxuqrwlkbcahpkijtaqxzpei(cbrbywiesfzxzmdlqvmvfjgomxldfbcdihyfdrnvjxfdmwonitlufjyfkadzkjsicodguzgqbxlhhdpgdcwqzbbhqlphvxurdrzhzahgfhxsnjuiniunbhqvjjyuiyov);